MEMORY
  total            14.6 MB
  struct          159.0 KB
  buffer          421.7 KB
  arena            14.0 MB, used 0.1%

SIZES
  narena                14680064
  nbuffer               431776
  nplugin               0
  maxuse_stack          7000
  maxuse_arena          16304
  maxuse_con            0
  maxuse_efc            16
  ncon                  0
  ne                    0
  nf                    12
  nl                    4
  nefc                  16
  nJ                    288
  nA                    0
  nisland               0
  threadpool            0

TIMER
    0:  duration =  0          number = 0
    1:  duration =  0.21       number = 1
    2:  duration =  0          number = 0
    3:  duration =  0.19       number = 1
    4:  duration =  0.0042     number = 1
    5:  duration =  0.001      number = 1
    6:  duration =  0.011      number = 1
    7:  duration =  0          number = 0
    8:  duration =  0.029      number = 1
    9:  duration =  0.0077     number = 2
    10:  duration =  0.14       number = 1
    11:  duration =  0.0054     number = 1
    12:  duration =  0.0002     number = 1
    13:  duration =  0.0062     number = 1
    14:  duration =  0.0039     number = 1

SOLVER STAT
  solver_fwdinv =   0         0       
  ISLAND 0
    solver_niter = 1
    solver_nnz = 324
      0:  improvement = -6.1e-13     gradient =  1.7e-16     lineslope =  0       
          nactive = 16   nchange = 0   neval = 2   nupdate = 0

ENERGY =   0         0       

TIME =  0       

QPOS
   0       
   0       
   0.45    
   1       
   0       
   0       
   0       
   0       
   0       
   0       
   0       
   0       
   0       
   0       
   0       
   0       
   0       
   0       
   0       

QVEL
   0       
   0       
   0       
   0       
   0       
   0       
   0       
   0       
   0       
   0       
   0       
   0       
   0       
   0       
   0       
   0       
   0       
   0       

QACC_WARMSTART
   1.4     
  -0.044   
  -10      
   0.074   
   48      
   4.1     
   5.6     
   5.4e+02 
  -2.1e+03 
  -8.5     
   6.5e+02 
  -2.1e+03 
  -19      
   5.4e+02 
  -2.1e+03 
   22      
   5.4e+02 
  -2.1e+03 

CTRL
   0       
   5.2     
   0       
   0       
   0       
   0       
   0       
   0       
   0       
   0       
   0       
   0       

QFRC_APPLIED
   0       
   0       
   0       
   0       
   0       
   0       
   0       
   0       
   0       
   0       
   0       
   0       
   0       
   0       
   0       
   0       
   0       
   0       

XFRC_APPLIED
   0         0         0         0         0         0       
   0         0         0         0         0         0       
   0         0         0         0         0         0       
   0         0         0         0         0         0       
   0         0         0         0         0         0       
   0         0         0         0         0         0       
   0         0         0         0         0         0       
   0         0         0         0         0         0       
   0         0         0         0         0         0       
   0         0         0         0         0         0       
   0         0         0         0         0         0       
   0         0         0         0         0         0       
   0         0         0         0         0         0       
   0         0         0         0         0         0       
   0         0         0         0         0         0       
   0         0         0         0         0         0       
   0         0         0         0         0         0       
   0         0         0         0         0         0       

QACC
   1.4     
  -0.044   
  -10      
   0.074   
   48      
   4.1     
   5.6     
   5.4e+02 
  -2.1e+03 
  -8.5     
   6.5e+02 
  -2.1e+03 
  -19      
   5.4e+02 
  -2.1e+03 
   22      
   5.4e+02 
  -2.1e+03 

SENSOR
   0       
   0       
   0       
   0       
   0       
   0       
   0       
   0       
   0       
   0       
   0       
   0       
   0       
   0       
   0       
   0       
   0       
   0       
   0       
   0       
   0       
   0       
   0       
   0       
   0       
   5.2     
   0       
   0       
   0       
   0       
   0       
   0       
   0       
   0       
   0       
   0       
   1       
   0       
   0       
   0       
   0       
   0       
   0       
   3.4     
  -0.15    
   0.59    
  -0.026   
   0       
   0.49    
   0       
   0       
   0       

XPOS
   0         0         0       
   0         0         0.45    
   0.19      0.046     0.45    
   0.19      0.14      0.45    
   0.19      0.14      0.23    
   0.19      0.14      0.019   
   0.19     -0.046     0.45    
   0.19     -0.14      0.45    
   0.19     -0.14      0.23    
   0.19     -0.14      0.019   
  -0.19      0.046     0.45    
  -0.19      0.14      0.45    
  -0.19      0.14      0.23    
  -0.19      0.14      0.019   
  -0.19     -0.046     0.45    
  -0.19     -0.14      0.45    
  -0.19     -0.14      0.23    
  -0.19     -0.14      0.019   

XQUAT
   1         0         0         0       
   1         0         0         0       
   1         0         0         0       
   1         0         0         0       
   1         0         0         0       
   1         0         0         0       
   1         0         0         0       
   1         0         0         0       
   1         0         0         0       
   1         0         0         0       
   1         0         0         0       
   1         0         0         0       
   1         0         0         0       
   1         0         0         0       
   1         0         0         0       
   1         0         0         0       
   1         0         0         0       
   1         0         0         0       

XMAT
   1         0         0         0         1         0         0         0         1       
   1         0         0         0         1         0         0         0         1       
   1         0         0         0         1         0         0         0         1       
   1         0         0         0         1         0         0         0         1       
   1         0         0         0         1         0         0         0         1       
   1         0         0         0         1         0         0         0         1       
   1         0         0         0         1         0         0         0         1       
   1         0         0         0         1         0         0         0         1       
   1         0         0         0         1         0         0         0         1       
   1         0         0         0         1         0         0         0         1       
   1         0         0         0         1         0         0         0         1       
   1         0         0         0         1         0         0         0         1       
   1         0         0         0         1         0         0         0         1       
   1         0         0         0         1         0         0         0         1       
   1         0         0         0         1         0         0         0         1       
   1         0         0         0         1         0         0         0         1       
   1         0         0         0         1         0         0         0         1       
   1         0         0         0         1         0         0         0         1       

XIPOS
   0         0         0       
   0.021     0         0.44    
   0.19      0.048     0.44    
   0.19      0.12      0.41    
   0.2       0.14      0.091   
   0.19      0.14     -0.19    
   0.19     -0.048     0.44    
   0.19     -0.12      0.41    
   0.2      -0.14      0.091   
   0.19     -0.14     -0.19    
  -0.19      0.048     0.44    
  -0.2       0.12      0.41    
  -0.19      0.14      0.091   
  -0.19      0.14     -0.19    
  -0.19     -0.048     0.44    
  -0.2      -0.12      0.41    
  -0.19     -0.14      0.091   
  -0.19     -0.14     -0.19    

XIMAT
   1         0         0         0         1         0         0         0         1       
   0.018    -0.0017    1        -0.0032   -1        -0.0017    1        -0.0032   -0.018   
  -0.0075    0.0094    1         1         0.005     0.0074   -0.005     1        -0.0095  
   0.39     -0.92      0.06      0.91      0.38     -0.16      0.13      0.12      0.98    
   0.01     -1        -0.0042    1         0.01     -0.0085    0.0086   -0.0041    1       
   1         0         0         0         1         0         0         0         1       
   0.0075    0.0094    1         1        -0.005    -0.0074    0.005     1        -0.0095  
  -0.39     -0.92      0.06      0.91     -0.38      0.16     -0.13      0.12      0.98    
  -0.01     -1        -0.0042    1        -0.01      0.0085   -0.0086   -0.0041    1       
   1         0         0         0         1         0         0         0         1       
   0.0075   -0.0094    1         1         0.005    -0.0074   -0.005     1         0.0095  
   0.39     -0.92      0.06      0.91      0.38     -0.16      0.13      0.12      0.98    
   0.01     -1        -0.0042    1         0.01     -0.0085    0.0086   -0.0041    1       
   1         0         0         0         1         0         0         0         1       
  -0.0075   -0.0094    1         1        -0.005     0.0074    0.005     1         0.0095  
  -0.39     -0.92      0.06      0.91     -0.38      0.16     -0.13      0.12      0.98    
  -0.01     -1        -0.0042    1        -0.01      0.0085   -0.0086   -0.0041    1       
   1         0         0         0         1         0         0         0         1       

XANCHOR
   0         0         0.45    
   0.19      0.046     0.45    
   0.19      0.14      0.45    
   0.19      0.14      0.23    
   0.19     -0.046     0.45    
   0.19     -0.14      0.45    
   0.19     -0.14      0.23    
  -0.19      0.046     0.45    
  -0.19      0.14      0.45    
  -0.19      0.14      0.23    
  -0.19     -0.046     0.45    
  -0.19     -0.14      0.45    
  -0.19     -0.14      0.23    

XAXIS
   0         0         1       
   1         0         0       
   0         1         0       
   0         1         0       
   1         0         0       
   0         1         0       
   0         1         0       
   1         0         0       
   0         1         0       
   0         1         0       
   1         0         0       
   0         1         0       
   0         1         0       

GEOM_XPOS
   0.29     -0.00026   0.38    
   0.29     -0.00021   0.39    
   0.33     -0.00023   0.48    
   0.058     0.0079    0.48    
   0.077    -0.0006    0.44    
   0         0         0.45    
   0.28      0         0.46    
   0.29      0         0.39    
   0.17      0.042     0.44    
   0.18      0.056     0.44    
   0.19      0.13      0.45    
   0.19      0.13      0.4     
   0.19      0.12      0.46    
   0.19      0.14      0.34    
   0.2       0.14      0.11    
   0.19      0.14      0.014   
   0.2       0.14      0.17    
   0.21      0.14      0.084   
   0.19      0.14      0.014   
   0.19      0.14      0.019   
   0.17     -0.042     0.45    
   0.18     -0.056     0.45    
   0.19     -0.13      0.45    
   0.19     -0.13      0.4     
   0.19     -0.12      0.46    
   0.19     -0.14      0.34    
   0.2      -0.14      0.11    
   0.19     -0.14      0.014   
   0.2      -0.14      0.17    
   0.21     -0.14      0.084   
   0.19     -0.14      0.014   
   0.19     -0.14      0.019   
  -0.17      0.042     0.45    
  -0.18      0.056     0.45    
  -0.19      0.13      0.45    
  -0.2       0.13      0.4     
  -0.2       0.12      0.46    
  -0.19      0.14      0.34    
  -0.19      0.14      0.11    
  -0.2       0.14      0.014   
  -0.18      0.14      0.17    
  -0.17      0.14      0.084   
  -0.2       0.14      0.014   
  -0.2       0.14      0.019   
  -0.17     -0.042     0.44    
  -0.18     -0.056     0.44    
  -0.19     -0.13      0.45    
  -0.2      -0.13      0.4     
  -0.2      -0.12      0.46    
  -0.19     -0.14      0.34    
  -0.19     -0.14      0.11    
  -0.2      -0.14      0.014   
  -0.18     -0.14      0.17    
  -0.17     -0.14      0.084   
  -0.2      -0.14      0.014   
  -0.2      -0.14      0.019   

GEOM_XMAT
  -0.26     -0.97      0.00049  -0.0019    5.6e-17  -1         0.97     -0.26     -0.0018  
  -0.26     -0.97      0.00016  -0.00062   1.7e-16  -1         0.97     -0.26     -0.0006  
   1        -0        -0.047     0         1        -0         0.047     0         1       
  -0.014     0.014     1         0.0079   -1         0.014     1         0.0081    0.014   
  -0.048    -0.0029    1        -0.013    -1        -0.0036    1        -0.013     0.048   
   1         0         0         0         1         0         0         0         1       
   1         0         0         0         1         0         0         0         1       
   1         0         0         0         1         0         0         0         1       
   0.052     0.0032    1         1         0.00032  -0.052    -0.00049   1        -0.0032  
  -0.36      0.0013    0.93      0.93      0.00044   0.36      7.1e-05   1        -0.0014  
   1         0         0         0         0        -1         0         1         0       
   0.12     -0.99      0.062     0.99      0.11     -0.14      0.13      0.077     0.99    
  -0.37     -0.75      0.55     -0.62     -0.24     -0.74      0.69     -0.62     -0.37    
   0         0         1         0         1         0        -1         0         0       
  -0.017    -1        -0.04      1        -0.017    -0.0027    0.002    -0.041     1       
   0.53      0         0.85      0        -1         0         0.85      0        -0.53    
   0.98     -0        -0.21      0         1        -0         0.21      0         0.98    
   1         0         0.05      0         1         0        -0.05      0         1       
   0.53      0         0.85      0        -1         0         0.85      0        -0.53    
   1         0         0         0         1         0         0         0         1       
   0.052     0.0032    1        -1        -0.00041   0.052     0.00058  -1         0.0032  
  -0.36      0.0013    0.93     -0.93     -0.00054  -0.36      1.5e-05  -1         0.0014  
   1         0         0         0         0        -1         0         1         0       
  -0.12     -0.99      0.062     0.99     -0.11      0.14     -0.13      0.077     0.99    
  -0.37     -0.75     -0.55      0.62      0.24     -0.74      0.69     -0.62      0.37    
   0         0         1         0         1         0        -1         0         0       
   0.017    -1        -0.04      1         0.017     0.0027   -0.002    -0.041     1       
   0.53      0         0.85      0        -1         0         0.85      0        -0.53    
   0.98     -0        -0.2       0         1        -0         0.2       0         0.98    
   1         0         0.05      0         1         0        -0.05      0         1       
   0.53      0         0.85      0        -1         0         0.85      0        -0.53    
   1         0         0         0         1         0         0         0         1       
  -0.052    -0.0031   -1         1         0.00032  -0.052     0.00048  -1         0.0031  
   0.36     -0.0013   -0.93      0.93      0.00044   0.36     -3.8e-05  -1         0.0013  
   1         0         0         0         0        -1         0         1         0       
   0.12     -0.99      0.062     0.99      0.11     -0.14      0.13      0.077     0.99    
  -0.37     -0.75      0.55     -0.62     -0.24     -0.74      0.69     -0.62     -0.37    
   0         0         1         0         1         0        -1         0         0       
  -0.017    -1        -0.04      1        -0.017    -0.0027    0.002    -0.041     1       
   0.53      0         0.85      0        -1         0         0.85      0        -0.53    
   0.98     -0        -0.2       0         1        -0         0.2       0         0.98    
   1         0         0.05      0         1         0        -0.05      0         1       
   0.53      0         0.85      0        -1         0         0.85      0        -0.53    
   1         0         0         0         1         0         0         0         1       
  -0.052    -0.0033   -1        -1        -0.00041   0.052    -0.00058   1        -0.0033  
   0.36     -0.0014   -0.93     -0.93     -0.00054  -0.36      1.9e-05   1        -0.0015  
   1         0         0         0         0        -1         0         1         0       
  -0.12     -0.99      0.062     0.99     -0.11      0.14     -0.13      0.077     0.99    
  -0.37     -0.75     -0.55      0.62      0.24     -0.74      0.69     -0.62      0.37    
   0         0         1         0         1         0        -1         0         0       
   0.017    -1        -0.04      1         0.017     0.0027   -0.002    -0.041     1       
   0.53      0         0.85      0        -1         0         0.85      0        -0.53    
   0.98     -0        -0.2       0         1        -0         0.2       0         0.98    
   1         0         0.05      0         1         0        -0.05      0         1       
   0.53      0         0.85      0        -1         0         0.85      0        -0.53    
   1         0         0         0         1         0         0         0         1       

SITE_XPOS
  -0.026     0         0.49    

SITE_XMAT
   1         0         0         0         1         0         0         0         1       

SUBTREE_COM
   0.0089    0         0.41    
   0.0089    0         0.41    
   0.19      0.099     0.39    
   0.19      0.12      0.36    
   0.2       0.14      0.091   
   0.19      0.14     -0.19    
   0.19     -0.099     0.39    
   0.19     -0.12      0.36    
   0.2      -0.14      0.091   
   0.19     -0.14     -0.19    
  -0.19      0.099     0.39    
  -0.2       0.12      0.36    
  -0.19      0.14      0.091   
  -0.19      0.14     -0.19    
  -0.19     -0.099     0.39    
  -0.2      -0.12      0.36    
  -0.19     -0.14      0.091   
  -0.19     -0.14     -0.19    

CDOF
   0         0         0         1         0         0       
   0         0         0         0         1         0       
   0         0         0         0         0         1       
   1         0         0        -0         0.035     0       
   0         1         0        -0.035     0        -0.0089  
   0         0         1        -0         0.0089    0       
   1         0         0         0         0.035    -0.046   
   0         1         0        -0.035     0         0.18    
   0         1         0         0.18     -0         0.18    
   1         0         0        -0         0.035     0.046   
   0         1         0        -0.035     0         0.18    
   0         1         0         0.18     -0         0.18    
   1         0         0         0         0.035    -0.046   
   0         1         0        -0.035     0        -0.2     
   0         1         0         0.18      0        -0.2     
   1         0         0        -0         0.035     0.046   
   0         1         0        -0.035     0        -0.2     
   0         1         0         0.18      0        -0.2     

CINERT
   0         0         0         0         0         0         0         0         0         0       
   0.031     0.11      0.11      0.00012  -0.001    -3.1e-05   0.085     0         0.2       6.9     
   0.0029    0.023     0.024    -0.0059   -0.0042   -0.0011    0.12      0.033     0.024     0.68    
   0.022     0.043     0.055    -0.025    -0.00074   0.00051   0.21      0.14      0.0025    1.2     
   0.031     0.035     0.014    -0.0065    0.015     0.011     0.046     0.034    -0.077     0.24    
   0         0         0         0         0         0         0         0        -0         0       
   0.0029    0.023     0.024     0.0059   -0.0042    0.0011    0.12     -0.033     0.024     0.68    
   0.022     0.043     0.055     0.025    -0.00074  -0.00051   0.21     -0.14      0.0025    1.2     
   0.031     0.035     0.014     0.0065    0.015    -0.011     0.046    -0.034    -0.077     0.24    
   0         0         0         0         0         0         0        -0        -0         0       
   0.0029    0.028     0.028     0.0065    0.0046   -0.0011   -0.13      0.033     0.024     0.68    
   0.022     0.055     0.066     0.028     0.00023   0.00051  -0.24      0.14      0.0025    1.2     
   0.031     0.035     0.014     0.0067   -0.015     0.011    -0.047     0.034    -0.077     0.24    
   0         0         0         0         0         0        -0         0        -0         0       
   0.0029    0.028     0.028    -0.0065    0.0046    0.0011   -0.13     -0.033     0.024     0.68    
   0.022     0.055     0.066    -0.028     0.00023  -0.00051  -0.24     -0.14      0.0025    1.2     
   0.031     0.035     0.014    -0.0067   -0.015    -0.011    -0.047    -0.034    -0.077     0.24    
   0         0         0         0         0         0        -0        -0        -0         0       

ACTUATOR_LENGTH
   0       
   0       
   0       
   0       
   0       
   0       
   0       
   0       
   0       
   0       
   0       
   0       

actuator_moment
--------------------
          x         |
           x        |
            x       |
       x            |
        x           |
         x          |
                x   |
                 x  |
                  x |
             x      |
              x     |
               x    |
--------------------

ACTUATOR_MOMENT
     9:  1       
    10:  1       
    11:  1       
     6:  1       
     7:  1       
     8:  1       
    15:  1       
    16:  1       
    17:  1       
    12:  1       
    13:  1       
    14:  1       

CRB
   0         0         0         0         0         0         0         0         0         0       
   0.26      0.54      0.51      0.00012  -0.002    -3.1e-05  -1.1e-16   0         6.9e-17   15      
   0.056     0.1       0.093    -0.037     0.0098    0.01      0.38      0.2      -0.051     2.1     
   0.053     0.078     0.069    -0.031     0.014     0.011     0.25      0.17     -0.075     1.4     
   0.031     0.035     0.014    -0.0065    0.015     0.011     0.046     0.034    -0.077     0.24    
   0         0         0         0         0         0         0         0        -0         0       
   0.056     0.1       0.093     0.037     0.0098   -0.01      0.38     -0.2      -0.051     2.1     
   0.053     0.078     0.069     0.031     0.014    -0.011     0.25     -0.17     -0.075     1.4     
   0.031     0.035     0.014     0.0065    0.015    -0.011     0.046    -0.034    -0.077     0.24    
   0         0         0         0         0         0         0        -0        -0         0       
   0.056     0.12      0.11      0.042    -0.01      0.01     -0.42      0.2      -0.051     2.1     
   0.053     0.09      0.081     0.035    -0.015     0.011    -0.28      0.17     -0.075     1.4     
   0.031     0.035     0.014     0.0067   -0.015     0.011    -0.047     0.034    -0.077     0.24    
   0         0         0         0         0         0        -0         0        -0         0       
   0.056     0.12      0.11     -0.042    -0.01     -0.01     -0.42     -0.2      -0.051     2.1     
   0.053     0.09      0.081    -0.035    -0.015    -0.011    -0.28     -0.17     -0.075     1.4     
   0.031     0.035     0.014    -0.0067   -0.015    -0.011    -0.047    -0.034    -0.077     0.24    
   0         0         0         0         0         0        -0        -0        -0         0       

QM
   15      
   0         15      
   0         0         15      
   0         0.53      0         0.27    
  -0.53      0        -0.13      0.00012   0.56    
   0         0.13      0         0.0027   -3.1e-05   0.51    
   0         0.12      0.11      0.053    -0.021     0.024     0.058   
  -0.12      0         0.0028    0.00039   0.038     0.017     0.00026   0.049   
  -0.034     0        -0.0015   -0.00021   0.014     0.0048   -0.00014   0.014     0.016   
   0         0.12     -0.11      0.053     0.021     0.024                                   0.058   
  -0.12      0         0.0028   -0.00039   0.038    -0.017                                  -0.00026   0.049   
  -0.034     0        -0.0015    0.00021   0.014    -0.0048                                  0.00014   0.014     0.016   
   0         0.12      0.11      0.053     0.021    -0.024                                                                 0.058   
  -0.12      0         0.0028    0.00039   0.039     0.017                                                                 0.00026   0.049   
  -0.034     0        -0.0015   -0.00021   0.013     0.0048                                                               -0.00014   0.014     0.016   
   0         0.12     -0.11      0.053    -0.021    -0.024                                                                                               0.058   
  -0.12      0         0.0028   -0.00039   0.039    -0.017                                                                                              -0.00026   0.049   
  -0.034     0        -0.0015    0.00021   0.013    -0.0048                                                                                              0.00014   0.014     0.016   

QLD
     0:  14      
     0: -2.7e-06    1:  14      
     0: -0.0017     1: -2.7e-06    2:  14      
     0:  0.00051    1:  0.98       2:  0.00053    3:  0.081   
     0: -0.34       1:  2.3e-05    2: -0.35       3:  0.0003     4:  0.41    
     0:  2.5e-18    1:  0.3        2:  0          3:  0.0047     4: -7e-05      5:  0.45    
     0:  0.011      1:  2.1        2:  1.9        3:  0.91       4: -0.36       5:  0.41       6:  0.058   
     0: -2.5        1:  0          2:  0.11       3:  0.015      4:  0.71       5:  0.36       6:  0.01       7:  0.038   
     0: -2.1        1:  0          2: -0.093      3: -0.013      4:  0.85       5:  0.3        6: -0.0088     7:  0.83       8:  0.016   
     0: -0.011      1:  2.1        2: -1.9        3:  0.91       4:  0.36       5:  0.41       9:  0.058   
     0: -2.5        1:  0          2:  0.11       3: -0.015      4:  0.71       5: -0.36       9: -0.01      10:  0.038   
     0: -2.1        1:  0          2: -0.093      3:  0.013      4:  0.85       5: -0.3        9:  0.0088    10:  0.83      11:  0.016   
     0:  0.011      1:  2.1        2:  1.9        3:  0.91       4:  0.37       5: -0.41      12:  0.058   
     0: -2.5        1:  0          2:  0.11       3:  0.015      4:  0.75       5:  0.36      12:  0.01      13:  0.038   
     0: -2.1        1:  0          2: -0.093      3: -0.013      4:  0.81       5:  0.3       12: -0.0088    13:  0.83      14:  0.016   
     0: -0.011      1:  2.1        2: -1.9        3:  0.91       4: -0.37       5: -0.41      15:  0.058   
     0: -2.5        1:  0          2:  0.11       3: -0.015      4:  0.75       5: -0.36      15: -0.01      16:  0.038   
     0: -2.1        1:  0          2: -0.093      3:  0.013      4:  0.81       5: -0.3       15:  0.0088    16:  0.83      17:  0.016   

QLDIAGINV
   0.072   
   0.071   
   0.07    
   12      
   2.5     
   2.2     
   17      
   27      
   61      
   17      
   27      
   61      
   17      
   27      
   61      
   17      
   27      
   61      

B: body-dof matrix
--------------------
 xxxxxxxxxxxxxxxxxx |
 xxxxxxxxxxxxxxxxxx |
 xxxxxxxxx          |
 xxxxxxxxx          |
 xxxxxxxxx          |
 xxxxxxxxx          |
 xxxxxx   xxx       |
 xxxxxx   xxx       |
 xxxxxx   xxx       |
 xxxxxx   xxx       |
 xxxxxx      xxx    |
 xxxxxx      xxx    |
 xxxxxx      xxx    |
 xxxxxx      xxx    |
 xxxxxx         xxx |
 xxxxxx         xxx |
 xxxxxx         xxx |
 xxxxxx         xxx |
--------------------

B_rownnz              18 18 9 9 9 9 9 9 9 9 9 9 9 9 9 9 9 9

B_rowadr              0 18 36 45 54 63 72 81 90 99 108 117 126 135 144 153 162 171

B_colind              0 1 2 3 4 5 6 7 8 9 10 11 12 13 14 15 16 17 0 1 2 3 4 5 6 7 8 9 10 11 12 13 14 15 16 17 0 1 2 3 4 5 6 7 8 0 1 2 3 4 5 6 7 8 0 1 2 3 4 5 6 7 8 0 1 2 3 4 5 6 7 8 0 1 2 3 4 5 9 10 11 0 1 2 3 4 5 9 10 11 0 1 2 3 4 5 9 10 11 0 1 2 3 4 5 9 10 11 0 1 2 3 4 5 12 13 14 0 1 2 3 4 5 12 13 14 0 1 2 3 4 5 12 13 14 0 1 2 3 4 5 12 13 14 0 1 2 3 4 5 15 16 17 0 1 2 3 4 5 15 16 17 0 1 2 3 4 5 15 16 17 0 1 2 3 4 5 15 16 17

M: inertia matrix
--------------------
 x                  |
 xx                 |
 xxx                |
 xxxx               |
 xxxxx              |
 xxxxxx             |
 xxxxxxx            |
 xxxxxxxx           |
 xxxxxxxxx          |
 xxxxxx   x         |
 xxxxxx   xx        |
 xxxxxx   xxx       |
 xxxxxx      x      |
 xxxxxx      xx     |
 xxxxxx      xxx    |
 xxxxxx         x   |
 xxxxxx         xx  |
 xxxxxx         xxx |
--------------------

M_rownnz              1 2 3 4 5 6 7 8 9 7 8 9 7 8 9 7 8 9

M_rowadr              0 1 3 6 10 15 21 28 36 45 52 60 69 76 84 93 100 108

M_colind              0 0 1 0 1 2 0 1 2 3 0 1 2 3 4 0 1 2 3 4 5 0 1 2 3 4 5 6 0 1 2 3 4 5 6 7 0 1 2 3 4 5 6 7 8 0 1 2 3 4 5 9 0 1 2 3 4 5 9 10 0 1 2 3 4 5 9 10 11 0 1 2 3 4 5 12 0 1 2 3 4 5 12 13 0 1 2 3 4 5 12 13 14 0 1 2 3 4 5 15 0 1 2 3 4 5 15 16 0 1 2 3 4 5 15 16 17

mapM2M                0 2 1 5 4 3 9 8 7 6 14 13 12 11 10 20 19 18 17 16 15 27 26 25 24 23 22 21 35 34 33 32 31 30 29 28 44 43 42 41 40 39 38 37 36 51 50 49 48 47 46 45 59 58 57 56 55 54 53 52 68 67 66 65 64 63 62 61 60 75 74 73 72 71 70 69 83 82 81 80 79 78 77 76 92 91 90 89 88 87 86 85 84 99 98 97 96 95 94 93 107 106 105 104 103 102 101 100 116 115 114 113 112 111 110 109 108

C: reduced dof-dof matrix
--------------------
 x                  |
 xx                 |
 xxx                |
 xxxx               |
 xxxxx              |
 xxxxxx             |
 xxxxxxx            |
 xxxxxxxx           |
 xxxxxxxxx          |
 xxxxxx   x         |
 xxxxxx   xx        |
 xxxxxx   xxx       |
 xxxxxx      x      |
 xxxxxx      xx     |
 xxxxxx      xxx    |
 xxxxxx         x   |
 xxxxxx         xx  |
 xxxxxx         xxx |
--------------------

C_rownnz              1 2 3 4 5 6 7 8 9 7 8 9 7 8 9 7 8 9

C_rowadr              0 1 3 6 10 15 21 28 36 45 52 60 69 76 84 93 100 108

C_colind              0 0 1 0 1 2 0 1 2 3 0 1 2 3 4 0 1 2 3 4 5 0 1 2 3 4 5 6 0 1 2 3 4 5 6 7 0 1 2 3 4 5 6 7 8 0 1 2 3 4 5 9 0 1 2 3 4 5 9 10 0 1 2 3 4 5 9 10 11 0 1 2 3 4 5 12 0 1 2 3 4 5 12 13 0 1 2 3 4 5 12 13 14 0 1 2 3 4 5 15 0 1 2 3 4 5 15 16 0 1 2 3 4 5 15 16 17

mapM2C                0 2 1 5 4 3 9 8 7 6 14 13 12 11 10 20 19 18 17 16 15 27 26 25 24 23 22 21 35 34 33 32 31 30 29 28 44 43 42 41 40 39 38 37 36 51 50 49 48 47 46 45 59 58 57 56 55 54 53 52 68 67 66 65 64 63 62 61 60 75 74 73 72 71 70 69 83 82 81 80 79 78 77 76 92 91 90 89 88 87 86 85 84 99 98 97 96 95 94 93 107 106 105 104 103 102 101 100 116 115 114 113 112 111 110 109 108

D: dof-dof matrix
--------------------
 Dxxxxxxxxxxxxxxxxx |
 xDxxxxxxxxxxxxxxxx |
 xxDxxxxxxxxxxxxxxx |
 xxxDxxxxxxxxxxxxxx |
 xxxxDxxxxxxxxxxxxx |
 xxxxxDxxxxxxxxxxxx |
 xxxxxxDxx          |
 xxxxxxxDx          |
 xxxxxxxxD          |
 xxxxxx   Dxx       |
 xxxxxx   xDx       |
 xxxxxx   xxD       |
 xxxxxx      Dxx    |
 xxxxxx      xDx    |
 xxxxxx      xxD    |
 xxxxxx         Dxx |
 xxxxxx         xDx |
 xxxxxx         xxD |
--------------------

D_rownnz              18 18 18 18 18 18 9 9 9 9 9 9 9 9 9 9 9 9

D_rowadr              0 18 36 54 72 90 108 117 126 135 144 153 162 171 180 189 198 207

D_colind              0 1 2 3 4 5 6 7 8 9 10 11 12 13 14 15 16 17 0 1 2 3 4 5 6 7 8 9 10 11 12 13 14 15 16 17 0 1 2 3 4 5 6 7 8 9 10 11 12 13 14 15 16 17 0 1 2 3 4 5 6 7 8 9 10 11 12 13 14 15 16 17 0 1 2 3 4 5 6 7 8 9 10 11 12 13 14 15 16 17 0 1 2 3 4 5 6 7 8 9 10 11 12 13 14 15 16 17 0 1 2 3 4 5 6 7 8 0 1 2 3 4 5 6 7 8 0 1 2 3 4 5 6 7 8 0 1 2 3 4 5 9 10 11 0 1 2 3 4 5 9 10 11 0 1 2 3 4 5 9 10 11 0 1 2 3 4 5 12 13 14 0 1 2 3 4 5 12 13 14 0 1 2 3 4 5 12 13 14 0 1 2 3 4 5 15 16 17 0 1 2 3 4 5 15 16 17 0 1 2 3 4 5 15 16 17

mapM2D                0 2 5 9 14 20 27 35 44 51 59 68 75 83 92 99 107 116 2 1 4 8 13 19 26 34 43 50 58 67 74 82 91 98 106 115 5 4 3 7 12 18 25 33 42 49 57 66 73 81 90 97 105 114 9 8 7 6 11 17 24 32 41 48 56 65 72 80 89 96 104 113 14 13 12 11 10 16 23 31 40 47 55 64 71 79 88 95 103 112 20 19 18 17 16 15 22 30 39 46 54 63 70 78 87 94 102 111 27 26 25 24 23 22 21 29 38 35 34 33 32 31 30 29 28 37 44 43 42 41 40 39 38 37 36 51 50 49 48 47 46 45 53 62 59 58 57 56 55 54 53 52 61 68 67 66 65 64 63 62 61 60 75 74 73 72 71 70 69 77 86 83 82 81 80 79 78 77 76 85 92 91 90 89 88 87 86 85 84 99 98 97 96 95 94 93 101 110 107 106 105 104 103 102 101 100 109 116 115 114 113 112 111 110 109 108

mapD2M                0 19 18 38 37 36 57 56 55 54 76 75 74 73 72 95 94 93 92 91 90 114 113 112 111 110 109 108 124 123 122 121 120 119 118 117 134 133 132 131 130 129 128 127 126 141 140 139 138 137 136 135 151 150 149 148 147 146 145 144 161 160 159 158 157 156 155 154 153 168 167 166 165 164 163 162 178 177 176 175 174 173 172 171 188 187 186 185 184 183 182 181 180 195 194 193 192 191 190 189 205 204 203 202 201 200 199 198 215 214 213 212 211 210 209 208 207

CONTACT
EFC_TYPE
  1
  1
  1
  1
  1
  1
  1
  1
  1
  1
  1
  1
  3
  3
  3
  3

EFC_ID
  6
  7
  8
  9
  10
  11
  12
  13
  14
  15
  16
  17
  3
  6
  9
  12

EFC_J
   0         0         0         0         0         0         1         0         0         0         0         0         0         0         0         0         0         0       
   0         0         0         0         0         0         0         1         0         0         0         0         0         0         0         0         0         0       
   0         0         0         0         0         0         0         0         1         0         0         0         0         0         0         0         0         0       
   0         0         0         0         0         0         0         0         0         1         0         0         0         0         0         0         0         0       
   0         0         0         0         0         0         0         0         0         0         1         0         0         0         0         0         0         0       
   0         0         0         0         0         0         0         0         0         0         0         1         0         0         0         0         0         0       
   0         0         0         0         0         0         0         0         0         0         0         0         1         0         0         0         0         0       
   0         0         0         0         0         0         0         0         0         0         0         0         0         1         0         0         0         0       
   0         0         0         0         0         0         0         0         0         0         0         0         0         0         1         0         0         0       
   0         0         0         0         0         0         0         0         0         0         0         0         0         0         0         1         0         0       
   0         0         0         0         0         0         0         0         0         0         0         0         0         0         0         0         1         0       
   0         0         0         0         0         0         0         0         0         0         0         0         0         0         0         0         0         1       
   0         0         0         0         0         0         0         0        -1         0         0         0         0         0         0         0         0         0       
   0         0         0         0         0         0         0         0         0         0         0        -1         0         0         0         0         0         0       
   0         0         0         0         0         0         0         0         0         0         0         0         0         0        -1         0         0         0       
   0         0         0         0         0         0         0         0         0         0         0         0         0         0         0         0         0        -1       

EFC_POS
   0       
   0       
   0       
   0       
   0       
   0       
   0       
   0       
   0       
   0       
   0       
   0       
  -0.84    
  -0.84    
  -0.84    
  -0.84    

EFC_MARGIN
   0       
   0       
   0       
   0       
   0       
   0       
   0       
   0       
   0       
   0       
   0       
   0       
   0       
   0       
   0       
   0       

EFC_FRICTIONLOSS
   0.2     
   0.2     
   0.2     
   0.2     
   0.2     
   0.2     
   0.2     
   0.2     
   0.2     
   0.2     
   0.2     
   0.2     
   0       
   0       
   0       
   0       

EFC_DIAGAPPROX
   29      
   29      
   80      
   29      
   29      
   80      
   29      
   29      
   80      
   29      
   29      
   80      
   80      
   80      
   80      
   80      

EFC_KBIP
   0         1.1e+02   0.9       0       
   0         1.1e+02   0.9       0       
   0         1.1e+02   0.9       0       
   0         1.1e+02   0.9       0       
   0         1.1e+02   0.9       0       
   0         1.1e+02   0.9       0       
   0         1.1e+02   0.9       0       
   0         1.1e+02   0.9       0       
   0         1.1e+02   0.9       0       
   0         1.1e+02   0.9       0       
   0         1.1e+02   0.9       0       
   0         1.1e+02   0.9       0       
   2.8e+03   1.1e+02   0.95      0       
   2.8e+03   1.1e+02   0.95      0       
   2.8e+03   1.1e+02   0.95      0       
   2.8e+03   1.1e+02   0.95      0       

EFC_D
   0.31    
   0.32    
   0.11    
   0.31    
   0.32    
   0.11    
   0.31    
   0.31    
   0.11    
   0.31    
   0.31    
   0.11    
   0.24    
   0.24    
   0.24    
   0.24    

EFC_R
   3.2     
   3.2     
   8.9     
   3.2     
   3.2     
   8.9     
   3.2     
   3.2     
   8.9     
   3.2     
   3.2     
   8.9     
   4.2     
   4.2     
   4.2     
   4.2     

ACTUATOR_VELOCITY
   0       
   0       
   0       
   0       
   0       
   0       
   0       
   0       
   0       
   0       
   0       
   0       

CVEL
   0         0         0         0         0         0       
   0         0         0         0         0         0       
   0         0         0         0         0         0       
   0         0         0         0         0         0       
   0         0         0         0         0         0       
   0         0         0         0         0         0       
   0         0         0         0         0         0       
   0         0         0         0         0         0       
   0         0         0         0         0         0       
   0         0         0         0         0         0       
   0         0         0         0         0         0       
   0         0         0         0         0         0       
   0         0         0         0         0         0       
   0         0         0         0         0         0       
   0         0         0         0         0         0       
   0         0         0         0         0         0       
   0         0         0         0         0         0       
   0         0         0         0         0         0       

CDOF_DOT
   0         0         0         0         0         0       
   0         0         0         0         0         0       
   0         0         0         0         0         0       
   0         0         0         0         0         0       
   0         0         0         0         0         0       
   0         0         0         0         0         0       
   0         0         0         0         0         0       
   0         0         0         0         0         0       
   0         0         0         0         0         0       
   0         0         0         0         0         0       
   0         0         0         0         0         0       
   0         0         0         0         0         0       
   0         0         0         0         0         0       
   0         0         0         0         0         0       
   0         0         0         0         0         0       
   0         0         0         0         0         0       
   0         0         0         0         0         0       
   0         0         0         0         0         0       

QFRC_BIAS
   0       
   0       
   1.5e+02 
   0       
  -1.3     
   0       
   1.1     
   0.027   
  -0.015   
  -1.1     
   0.027   
  -0.015   
   1.1     
   0.027   
  -0.015   
  -1.1     
   0.027   
  -0.015   

QFRC_SPRING
   0       
   0       
   0       
   0       
   0       
   0       
   0       
   0       
   0       
   0       
   0       
   0       
   0       
   0       
   0       
   0       
   0       
   0       

QFRC_DAMPER
   0       
   0       
   0       
   0       
   0       
   0       
  -0       
  -0       
  -0       
  -0       
  -0       
  -0       
  -0       
  -0       
  -0       
  -0       
  -0       
  -0       

QFRC_GRAVCOMP
   0       
   0       
   0       
   0       
   0       
   0       
   0       
   0       
   0       
   0       
   0       
   0       
   0       
   0       
   0       
   0       
   0       
   0       

QFRC_FLUID
   0       
   0       
   0       
   0       
   0       
   0       
   0       
   0       
   0       
   0       
   0       
   0       
   0       
   0       
   0       
   0       
   0       
   0       

QFRC_PASSIVE
   0       
   0       
   0       
   0       
   0       
   0       
   0       
   0       
   0       
   0       
   0       
   0       
   0       
   0       
   0       
   0       
   0       
   0       

EFC_VEL
   0       
   0       
   0       
   0       
   0       
   0       
   0       
   0       
   0       
   0       
   0       
   0       
   0       
   0       
   0       
   0       

EFC_AREF
  -0       
  -0       
  -0       
  -0       
  -0       
  -0       
  -0       
  -0       
  -0       
  -0       
  -0       
  -0       
   2.2e+03 
   2.2e+03 
   2.2e+03 
   2.2e+03 

SUBTREE_LINVEL
   0         0         0       
   0         0         0       
   0         0         0       
   0         0         0       
   0         0         0       
   0         0         0       
   0         0         0       
   0         0         0       
   0         0         0       
   0         0         0       
   0         0         0       
   0         0         0       
   0         0         0       
   0         0         0       
   0         0         0       
   0         0         0       
   0         0         0       
   0         0         0       

SUBTREE_ANGMOM
   0         0         0       
   0         0         0       
   0         0         0       
   0         0         0       
   0         0         0       
   0         0         0       
   0         0         0       
   0         0         0       
   0         0         0       
   0         0         0       
   0         0         0       
   0         0         0       
   0         0         0       
   0         0         0       
   0         0         0       
   0         0         0       
   0         0         0       
   0         0         0       

ACTUATOR_FORCE
   0       
   5.2     
   0       
   0       
   0       
   0       
   0       
   0       
   0       
   0       
   0       
   0       

QFRC_ACTUATOR
   0       
   0       
   0       
   0       
   0       
   0       
   0       
   0       
   0       
   0       
   5.2     
   0       
   0       
   0       
   0       
   0       
   0       
   0       

QFRC_SMOOTH
   0       
   0       
  -1.5e+02 
   0       
   1.3     
   0       
  -1.1     
  -0.027   
   0.015   
   1.1     
   5.2     
   0.015   
  -1.1     
  -0.027   
   0.015   
   1.1     
  -0.027   
   0.015   

QACC_SMOOTH
   0.85    
  -0.049   
  -9.9     
   0.33    
  -8.9     
   4.1     
  -4.9     
   7.1     
   2.2     
   2       
   1.5e+02 
  -1.1e+02 
   5       
   7.4     
   1.7     
  -2       
   10      
   1.7     

EFC_B
  -4.9     
   7.1     
   2.2     
   2       
   1.5e+02 
  -1.1e+02 
   5       
   7.4     
   1.7     
  -2       
   10      
   1.7     
  -2.2e+03 
  -2.1e+03 
  -2.2e+03 
  -2.2e+03 

EFC_FORCE
  -0.2     
  -0.2     
   0.2     
   0.2     
  -0.2     
   0.2     
   0.2     
  -0.2     
   0.2     
  -0.2     
  -0.2     
   0.2     
   26      
   25      
   26      
   26      

EFC_STATE
  3
  3
  2
  2
  3
  2
  2
  3
  2
  3
  3
  2
  1
  1
  1
  1

QFRC_CONSTRAINT
   0       
   0       
   0       
   0       
   0       
   0       
  -0.2     
  -0.2     
  -26      
   0.2     
  -0.2     
  -25      
   0.2     
  -0.2     
  -26      
  -0.2     
  -0.2     
  -26      

QFRC_INVERSE
   0       
   0       
   0       
   0       
   0       
   0       
   0       
   0       
   0       
   0       
   0       
   0       
   0       
   0       
   0       
   0       
   0       
   0       

CACC
   0         0         0        -0        -0         9.8     
   0.074     48        4.1      -0.31     -0.0049   -1.1     
   5.7       48        4.1      -0.31      0.19     -1.3     
   5.7       5.9e+02   4.1      -19        0.19      99      
   5.7      -1.5e+03   4.1      -3.9e+02   0.19     -2.9e+02 
   5.7      -1.5e+03   4.1      -3.9e+02   0.19     -2.9e+02 
  -8.4       48        4.1      -0.31     -0.3      -1.5     
  -8.4       7e+02     4.1      -23       -0.3       1.2e+02 
  -8.4      -1.4e+03   4.1      -4e+02    -0.3      -2.7e+02 
  -8.4      -1.4e+03   4.1      -4e+02    -0.3      -2.7e+02 
  -19        48        4.1      -0.31     -0.66     -0.18    
  -19        5.9e+02   4.1      -19       -0.66     -1.1e+02 
  -19       -1.5e+03   4.1      -3.9e+02  -0.66      3.1e+02 
  -19       -1.5e+03   4.1      -3.9e+02  -0.66      3.1e+02 
   22        48        4.1      -0.31      0.78     -0.021   
   22        5.9e+02   4.1      -19        0.78     -1.1e+02 
   22       -1.5e+03   4.1      -3.9e+02   0.78      3.1e+02 
   22       -1.5e+03   4.1      -3.9e+02   0.78      3.1e+02 

CFRC_INT
  -8.9e-16  -9.8e-15   7.9e-15  -4.3e-15   4.4e-16   3.9e-14 
  -8.9e-16  -9.8e-15   7.9e-15  -4.3e-15   4.4e-16   3.9e-14 
  -1        -2.9       0.4       0.65      2.2      -15      
  -0.7      -4.1       0.34     -0.14      1.7      -8.4     
   0.23     -9        -2.9       21        0.67      0.025   
   0         0         0         0         0         0       
   0.93      0.73     -1.6      -11        0.5      -14      
   0.64     -0.52     -1.7      -12        0.0068   -7.8     
  -0.17     -5.9       1.6       12       -0.53     -0.075   
   0         0         0         0         0         0       
   1.5      -1.4       0.79      0.76     -4.1       20      
   1.2      -2.6       0.72     -0.024    -3.5       15      
  -0.049    -8.2      -2.7       21       -1.8       3.9     
   0         0         0         0         0         0       
  -1.4      -1.5      -0.024     2.1       1         20      
  -1.2      -2.7      -0.19      1         1.6       14      
   0.04     -8.3       2.7       21        1.7       3.8     
   0         0         0         0         0         0       

CFRC_EXT
   0         0         0         0         0         0       
   0         0         0         0         0         0       
   0         0         0         0         0         0       
   0         0         0         0         0         0       
   0         0         0         0         0         0       
   0         0         0         0         0         0       
   0         0         0         0         0         0       
   0         0         0         0         0         0       
   0         0         0         0         0         0       
   0         0         0         0         0         0       
   0         0         0         0         0         0       
   0         0         0         0         0         0       
   0         0         0         0         0         0       
   0         0         0         0         0         0       
   0         0         0         0         0         0       
   0         0         0         0         0         0       
   0         0         0         0         0         0       
   0         0         0         0         0         0       

